 	HBR_1	HBR_2	HBR_3	UHR_1	UHR_2	UHR_3
ENSG00000277248.1	0	0	0	0	0	0
ENSG00000274237.1	0	0	0	0	0	0
ENSG00000280363.1	0	0	0	0	0	0
ENSG00000279973.1	0	0	0	0	0	0
ENSG00000226444.2	0	0	0	0	0	0
ENSG00000276871.1	0	0	0	0	0	0
ENSG00000277683.1	0	0	0	0	0	0
ENSG00000277821.1	0	0	0	0	0	0
ENSG00000273663.1	0	0	0	0	0	0
ENSG00000278534.1	0	0	0	0	0	0
ENSG00000278398.1	0	0	0	0	0	0
ENSG00000274416.1	0	0	0	0	0	0
ENSG00000278297.1	0	0	0	0	0	0
ENSG00000277861.1	0	0	0	0	0	0
ENSG00000274773.1	0	0	0	0	0	0
ENSG00000277372.1	0	0	0	0	0	0
ENSG00000275065.1	0	0	0	0	0	0
ENSG00000276138.1	0	0	0	0	0	0
ENSG00000280341.1	0	0	0	3	2	0
ENSG00000236235.1	0	0	0	0	0	1
ENSG00000279442.1	0	0	0	0	4	1
ENSG00000184624.4	0	0	0	0	1	0
ENSG00000236097.1	0	0	0	0	2	0
ENSG00000236831.1	0	0	0	0	0	0
ENSG00000130538.4	0	0	0	0	0	0
ENSG00000237299.1	0	0	0	0	3	0
ENSG00000235759.1	0	0	0	0	2	0
ENSG00000233408.1	0	0	0	0	1	0
ENSG00000215268.3	0	0	0	0	2	0
ENSG00000213727.3	0	0	0	0	0	0
ENSG00000230643.1	0	0	0	0	0	0
ENSG00000230471.1	0	0	0	0	3	0
ENSG00000231565.1	0	0	0	0	1	1
ENSG00000226474.1	0	0	0	0	0	0
ENSG00000224435.2	0	0	0	1	4	0
ENSG00000234381.1	0	0	0	0	2	0
ENSG00000198062.14	0	0	1	5	7	10
ENSG00000236666.1	0	0	0	0	2	0
ENSG00000212216.1	0	0	0	0	0	0
ENSG00000241838.3	0	0	0	1	1	2
ENSG00000225255.6	0	0	0	3	1	0
ENSG00000235992.1	0	0	0	0	1	0
ENSG00000206195.10	10	4	8	185	154	173
ENSG00000271127.1	0	1	0	16	9	19
ENSG00000232775.6	0	1	3	25	24	24
ENSG00000272872.1	4	2	0	98	38	49
ENSG00000271672.1	0	0	0	0	0	0
ENSG00000223875.2	0	0	0	5	3	0
ENSG00000215270.3	0	0	0	11	6	6
ENSG00000229286.1	0	0	0	0	0	0
ENSG00000233866.1	0	0	0	0	3	0
ENSG00000278188.1	0	0	0	0	0	0
ENSG00000278335.1	0	0	0	0	0	0
ENSG00000225293.1	0	0	0	0	2	0
ENSG00000226160.1	0	0	0	0	0	0
ENSG00000229658.1	0	0	0	0	1	0
ENSG00000227367.1	0	0	0	0	1	0
ENSG00000280263.1	0	0	0	0	0	0
ENSG00000235969.1	0	0	0	0	0	0
ENSG00000273362.1	0	0	0	0	0	0
ENSG00000233995.1	0	0	0	0	0	0
ENSG00000239435.2	0	0	0	2	1	1
ENSG00000198445.4	0	0	0	1	2	0
ENSG00000240122.1	0	0	0	0	0	0
ENSG00000221084.1	0	0	0	0	1	0
ENSG00000100181.21	19	23	20	141	93	121
ENSG00000267338.1	0	0	1	3	4	2
ENSG00000249288.1	0	0	0	2	2	4
ENSG00000249263.2	0	0	0	0	1	0
ENSG00000189295.13	0	1	0	3	3	0
ENSG00000259271.1	0	0	0	2	0	1
ENSG00000273244.1	0	0	0	0	0	0
ENSG00000241717.1	2	2	3	1	2	0
ENSG00000235343.1	0	0	0	1	0	0
ENSG00000172967.7	0	0	0	3	4	8
ENSG00000229027.3	0	0	0	0	0	0
ENSG00000234121.1	0	0	0	0	0	0
ENSG00000237835.1	0	0	0	0	0	0
ENSG00000220248.1	0	0	0	1	1	0
ENSG00000237689.1	1	3	2	3	0	1
ENSG00000228122.1	0	0	0	0	0	0
ENSG00000237358.1	0	0	0	0	0	0
ENSG00000225480.1	0	0	0	0	0	0
ENSG00000230481.2	0	0	0	0	0	0
ENSG00000253691.2	0	0	0	0	0	0
ENSG00000253460.2	0	0	0	0	0	0
ENSG00000254264.2	0	0	0	0	1	0
ENSG00000253481.2	0	0	0	0	0	0
ENSG00000280156.1	1	1	1	4	40	4
ENSG00000215568.7	0	0	0	0	0	0
ENSG00000270226.1	0	0	0	0	0	0
ENSG00000276400.1	0	0	0	0	0	0
ENSG00000237438.6	22	27	32	31	27	24
ENSG00000273203.1	7	6	4	3	3	4
ENSG00000273442.1	0	2	2	0	3	2
ENSG00000177663.13	58	64	58	95	70	82
ENSG00000235328.1	0	1	1	1	1	1
ENSG00000183307.3	26	45	32	9	6	4
ENSG00000235478.4	3	3	1	0	2	0
ENSG00000069998.12	30	44	33	127	82	139
ENSG00000185837.3	0	2	2	0	1	0
ENSG00000093072.15	30	28	32	38	35	22
ENSG00000236325.1	0	0	0	1	0	0
ENSG00000203416.3	0	1	0	0	0	0
ENSG00000241832.1	1	0	1	0	1	0
ENSG00000231004.2	0	0	0	0	0	0
ENSG00000239547.3	0	0	0	0	0	0
ENSG00000099954.18	115	86	119	118	81	98
ENSG00000229492.1	1	5	1	0	1	1
ENSG00000232305.1	1	2	0	0	0	0
ENSG00000228045.1	0	0	0	0	0	0
ENSG00000182902.13	87	100	64	6	8	7
ENSG00000236754.5	1	2	1	1	2	3
ENSG00000131100.12	395	455	401	248	183	206
ENSG00000099968.17	212	282	263	244	166	200
ENSG00000015475.18	70	84	84	111	76	109
ENSG00000264757.1	0	0	0	0	0	1
ENSG00000269220.1	1	0	0	1	2	4
ENSG00000243156.7	334	432	426	211	144	191
ENSG00000093100.13	5	5	8	1	2	1
ENSG00000207780.1	0	0	6	0	0	0
ENSG00000235445.1	2	7	2	2	1	1
ENSG00000234913.1	2	9	4	1	2	3
ENSG00000237446.1	1	2	3	0	0	1
ENSG00000235295.1	0	0	0	0	2	0
ENSG00000225335.3	3	4	4	2	2	5
ENSG00000215193.12	131	171	132	197	133	179
ENSG00000236890.2	0	0	1	3	0	0
ENSG00000235617.1	0	0	0	0	0	0
ENSG00000225225.1	0	0	0	0	0	0
ENSG00000183785.14	10	12	15	2	2	1
ENSG00000280007.1	52	67	51	14	14	8
ENSG00000184979.9	3	6	2	27	13	19
ENSG00000187979.4	0	0	0	0	0	0
ENSG00000276160.1	0	0	0	0	0	0
ENSG00000274044.4	0	0	0	0	0	0
ENSG00000276874.1	0	0	0	0	0	0
ENSG00000275060.1	0	0	0	0	0	0
ENSG00000277017.1	0	0	0	0	0	0
ENSG00000277870.4	0	0	0	0	0	0
ENSG00000278044.1	0	0	0	0	0	0
ENSG00000274252.1	0	0	0	0	0	0
ENSG00000275319.1	0	0	0	0	0	0
ENSG00000277690.2	0	0	0	0	0	0
ENSG00000278558.4	2	1	3	0	1	2
ENSG00000274602.4	17	11	16	60	29	33
ENSG00000280694.1	0	0	0	0	0	0
ENSG00000274625.1	0	0	0	0	0	0
ENSG00000222630.2	0	0	0	0	0	0
ENSG00000275793.1	1	2	0	2	3	6
ENSG00000275362.1	0	0	0	0	0	0
ENSG00000278110.1	0	0	0	0	0	0
ENSG00000273907.1	0	0	0	0	0	0
ENSG00000273643.1	0	0	0	0	0	0
ENSG00000278008.1	0	0	0	0	0	0
ENSG00000182824.7	0	0	0	0	1	0
ENSG00000197421.9	0	0	0	0	0	1
ENSG00000239989.1	0	0	0	0	0	0
ENSG00000234764.2	0	0	0	3	0	0
ENSG00000161103.11	0	0	0	0	3	1
ENSG00000215544.6	0	0	0	0	0	0
ENSG00000276095.2	0	0	0	0	0	0
ENSG00000279987.1	0	0	0	0	0	0
ENSG00000183628.12	70	90	75	23	12	18
ENSG00000100033.16	103	124	120	43	33	38
ENSG00000279560.1	0	0	0	3	1	3
ENSG00000280418.1	0	1	0	0	3	0
ENSG00000237517.8	196	238	198	8	9	8
ENSG00000271275.1	11	9	12	1	0	0
ENSG00000273032.1	26	30	26	5	2	4
ENSG00000270393.1	0	0	0	0	0	0
ENSG00000273164.1	8	5	9	0	0	0
ENSG00000241527.1	4	4	6	1	2	1
ENSG00000070413.18	304	353	313	306	175	272
ENSG00000206739.1	3	0	0	1	1	2
ENSG00000273311.1	4	9	12	17	6	14
ENSG00000237347.2	1	1	0	0	2	0
ENSG00000281530.1	2	0	7	2	2	4
ENSG00000223461.1	5	4	5	4	3	5
ENSG00000272682.1	0	1	0	0	2	0
ENSG00000231086.1	0	0	0	0	1	0
ENSG00000100056.11	44	50	36	76	37	64
ENSG00000206203.4	0	0	0	0	0	0
ENSG00000063515.2	0	0	0	0	0	0
ENSG00000260924.2	3	1	3	11	8	11
ENSG00000100075.9	33	50	41	227	137	218
ENSG00000070371.15	33	39	35	102	71	81
ENSG00000230194.1	0	0	1	0	1	0
ENSG00000251940.1	0	0	0	0	1	0
ENSG00000233471.2	1	0	0	1	0	1
ENSG00000100084.14	18	15	9	53	25	32
ENSG00000242259.8	60	73	72	95	84	84
ENSG00000244296.3	0	1	0	4	2	1
ENSG00000185608.8	29	36	31	113	70	91
ENSG00000185065.6	4	3	1	6	7	5
ENSG00000070010.18	38	56	48	219	135	156
ENSG00000273300.1	0	0	0	0	0	0
ENSG00000273212.1	0	0	0	0	1	2
ENSG00000093009.9	2	1	0	232	157	178
ENSG00000184113.9	60	86	57	2	2	0
ENSG00000281548.1	0	0	0	0	0	0
ENSG00000230485.1	0	0	0	0	1	0
ENSG00000225007.1	0	0	0	0	0	0
ENSG00000184702.17	454	603	522	134	93	107
ENSG00000203618.5	0	0	0	0	0	0
ENSG00000184058.12	1	0	2	7	9	7
ENSG00000185838.13	14	16	8	38	33	28
ENSG00000235776.2	1	0	0	2	1	1
ENSG00000215012.8	82	123	94	209	146	163
ENSG00000184470.19	56	52	41	86	67	74
ENSG00000232926.1	2	9	2	8	4	4
ENSG00000093010.11	87	100	76	176	101	140
ENSG00000265087.1	0	0	1	1	0	0
ENSG00000099889.13	141	158	130	83	33	51
ENSG00000183597.15	25	37	28	45	39	31
ENSG00000208023.2	0	0	0	0	0	0
ENSG00000236540.7	7	16	14	13	9	16
ENSG00000268292.1	0	0	0	0	0	0
ENSG00000277950.1	0	0	1	0	1	0
ENSG00000128191.13	77	88	64	217	145	184
ENSG00000266567.1	0	0	0	0	0	0
ENSG00000221366.2	0	0	0	0	0	0
ENSG00000243762.1	0	0	0	0	0	0
ENSG00000099899.14	36	60	45	149	79	118
ENSG00000278278.1	0	0	0	0	0	0
ENSG00000099901.16	51	72	70	586	405	479
ENSG00000264346.1	0	0	0	0	0	0
ENSG00000099904.15	95	97	92	114	84	82
ENSG00000234409.6	6	5	4	3	3	2
ENSG00000249923.1	0	1	3	0	0	0
ENSG00000236499.2	0	3	0	7	4	7
ENSG00000040608.13	73	93	84	19	11	11
ENSG00000221039.2	1	3	0	0	0	0
ENSG00000161132.6	1	3	0	1	4	0
ENSG00000128185.9	47	42	37	96	46	86
ENSG00000273343.1	1	2	3	2	1	4
ENSG00000273139.1	3	3	3	3	0	2
ENSG00000188280.11	0	0	0	0	4	0
ENSG00000235578.1	0	0	0	1	0	0
ENSG00000161133.16	0	0	0	3	2	0
ENSG00000185252.17	38	40	42	110	78	90
ENSG00000207343.1	0	0	0	0	0	0
ENSG00000244486.7	11	7	2	31	21	34
ENSG00000277971.1	0	0	0	0	0	0
ENSG00000099910.16	59	75	72	79	51	63
ENSG00000215493.3	4	8	13	10	5	3
ENSG00000255156.1	0	0	0	0	0	0
ENSG00000201916.1	0	0	0	1	0	0
ENSG00000242876.3	0	0	3	1	0	3
ENSG00000236670.1	4	3	1	2	1	5
ENSG00000265300.1	0	0	0	0	0	0
ENSG00000099917.17	93	105	85	250	150	206
ENSG00000236003.1	0	0	0	2	2	2
ENSG00000250261.1	0	0	1	0	0	0
ENSG00000223553.5	2	4	2	1	3	1
ENSG00000276427.1	0	0	0	0	1	0
ENSG00000238125.1	0	0	0	0	0	2
ENSG00000264718.1	0	0	0	0	0	0
ENSG00000229107.2	0	1	3	0	2	3
ENSG00000217261.4	0	0	0	0	1	0
ENSG00000235062.4	0	0	0	0	0	0
ENSG00000226287.7	4	7	4	0	4	5
ENSG00000241973.10	1103	1204	1083	428	334	390
ENSG00000099937.10	13	11	8	157	109	124
ENSG00000099940.11	32	47	41	103	80	70
ENSG00000272600.1	0	0	0	0	0	0
ENSG00000099942.12	339	421	365	757	476	606
ENSG00000237476.1	5	3	4	1	6	0
ENSG00000183773.15	79	79	98	6	13	10
ENSG00000099949.18	140	179	127	301	189	225
ENSG00000272829.1	4	5	1	1	2	1
ENSG00000184436.11	36	55	38	94	71	82
ENSG00000230513.1	3	5	5	6	2	2
ENSG00000161149.11	2	1	2	5	5	2
ENSG00000099957.16	35	33	30	22	19	27
ENSG00000099960.12	16	21	11	9	3	3
ENSG00000226872.1	0	0	1	0	0	0
ENSG00000207575.1	0	0	0	0	0	1
ENSG00000206145.8	5	2	2	0	1	2
ENSG00000187905.10	0	2	2	1	1	1
ENSG00000249680.1	0	0	0	0	0	0
ENSG00000169668.11	1	0	0	0	1	0
ENSG00000197210.7	0	0	0	1	0	0
ENSG00000239511.2	1	0	0	0	0	0
ENSG00000224688.1	0	1	0	0	0	0
ENSG00000215498.8	0	0	0	0	1	0
ENSG00000234503.1	0	0	0	0	0	0
ENSG00000133475.16	0	0	1	1	1	0
ENSG00000226885.1	0	0	0	0	0	0
ENSG00000229266.1	0	0	0	0	0	0
ENSG00000169662.8	0	0	0	0	0	0
ENSG00000206142.9	0	0	0	0	0	0
ENSG00000237407.1	0	0	0	0	0	0
ENSG00000232771.2	0	0	0	0	1	0
ENSG00000279920.1	0	0	0	0	0	0
ENSG00000226534.1	0	0	0	0	0	0
ENSG00000273846.1	0	0	0	0	0	0
ENSG00000274600.1	0	0	0	0	2	2
ENSG00000200057.1	0	0	0	0	0	0
ENSG00000252020.1	0	0	0	0	0	0
ENSG00000275840.1	0	0	0	0	0	0
ENSG00000169635.9	29	25	28	209	106	140
ENSG00000276800.1	0	0	0	0	0	0
ENSG00000206140.9	1	1	7	0	4	3
ENSG00000183506.16	24	30	28	93	59	61
ENSG00000281629.1	0	0	0	0	0	0
ENSG00000252143.1	0	0	0	0	0	0
ENSG00000222352.1	0	0	0	0	0	0
ENSG00000183246.6	0	0	0	0	1	0
ENSG00000185651.14	207	241	198	472	310	346
ENSG00000275293.1	0	0	0	0	0	0
ENSG00000161179.13	18	28	24	155	83	124
ENSG00000161180.10	2	0	1	5	3	2
ENSG00000273342.1	0	0	0	2	1	1
ENSG00000128228.4	5	14	3	51	34	44
ENSG00000100023.17	58	63	60	233	142	207
ENSG00000212102.1	0	0	0	0	0	0
ENSG00000207751.1	0	0	0	0	0	0
ENSG00000272954.1	0	0	0	4	4	1
ENSG00000100027.14	23	45	28	16	8	8
ENSG00000244671.3	1	0	1	1	1	0
ENSG00000100030.14	740	952	899	839	503	664
ENSG00000200985.1	0	0	1	3	4	1
ENSG00000225544.1	0	1	1	1	0	1
ENSG00000100034.13	79	105	106	211	140	165
ENSG00000224086.5	24	46	26	63	66	61
ENSG00000100038.19	2	0	1	12	10	7
ENSG00000197549.9	0	0	0	0	0	0
ENSG00000253239.1	0	0	0	0	1	0
ENSG00000211637.2	0	0	0	0	0	0
ENSG00000254355.1	0	0	0	0	0	0
ENSG00000278657.1	0	0	0	0	1	0
ENSG00000249333.1	0	0	0	0	1	0
ENSG00000253794.1	0	0	0	0	0	0
ENSG00000228161.1	0	0	0	0	0	0
ENSG00000253874.1	0	0	0	0	0	0
ENSG00000254075.1	0	0	0	0	0	0
ENSG00000254161.1	0	0	0	0	0	0
ENSG00000253242.1	0	0	0	0	0	0
ENSG00000253752.1	0	0	0	0	1	0
ENSG00000253823.1	0	0	0	0	2	0
ENSG00000275361.1	0	0	0	0	0	0
ENSG00000211638.2	0	0	0	0	0	0
ENSG00000225741.1	0	0	0	0	0	0
ENSG00000263366.2	0	0	0	0	0	0
ENSG00000236118.1	0	0	0	0	0	0
ENSG00000233720.1	0	0	0	0	0	0
ENSG00000211639.2	0	0	0	0	0	0
ENSG00000227710.1	0	0	0	0	0	0
ENSG00000224465.1	0	0	0	0	1	0
ENSG00000254308.1	0	0	0	0	0	0
ENSG00000253637.1	0	0	0	0	0	0
ENSG00000236323.1	0	0	0	0	0	0
ENSG00000211640.3	0	0	0	1	0	0
ENSG00000253126.1	0	0	0	0	0	0
ENSG00000211641.2	0	0	0	0	0	0
ENSG00000211642.2	0	0	0	0	0	0
ENSG00000253935.1	0	0	0	0	1	0
ENSG00000228050.1	0	0	0	1	0	2
ENSG00000234726.1	0	0	0	0	1	0
ENSG00000169575.4	0	0	0	1	0	1
ENSG00000279278.1	12	12	18	15	15	13
ENSG00000274422.1	2	0	1	2	6	0
ENSG00000234630.1	0	0	0	0	0	0
ENSG00000272779.1	1	7	0	6	3	5
ENSG00000236850.4	3	1	8	6	1	2
ENSG00000211643.2	0	2	2	0	0	0
ENSG00000211644.2	0	3	0	0	0	0
ENSG00000211645.2	1	3	0	0	0	0
ENSG00000225724.1	0	0	0	0	1	0
ENSG00000223350.2	0	0	0	0	1	0
ENSG00000232515.1	0	0	0	0	0	0
ENSG00000211647.1	0	0	0	0	0	0
ENSG00000211648.2	0	0	0	0	0	0
ENSG00000237428.1	0	0	0	0	1	0
ENSG00000211649.3	0	0	0	0	0	0
ENSG00000232603.1	0	0	0	0	0	0
ENSG00000211650.2	0	0	0	0	0	0
ENSG00000211651.3	0	0	0	0	0	0
ENSG00000211652.2	0	0	0	0	0	0
ENSG00000254175.1	0	0	0	0	0	0
ENSG00000254073.1	0	0	0	0	0	0
ENSG00000253818.1	0	0	0	0	0	0
ENSG00000211653.2	0	0	0	0	1	0
ENSG00000224144.1	0	0	0	0	0	0
ENSG00000253889.1	0	0	0	0	1	0
ENSG00000211654.2	0	0	0	0	0	0
ENSG00000211655.3	0	0	0	0	1	0
ENSG00000230821.1	0	1	0	0	1	0
ENSG00000253631.1	0	0	0	0	0	0
ENSG00000226595.1	0	0	1	0	1	0
ENSG00000275004.3	28	37	39	63	54	42
ENSG00000169548.3	0	0	0	11	10	14
ENSG00000185686.17	0	0	0	814	466	598
ENSG00000220891.1	0	0	0	1	1	0
ENSG00000253120.1	0	0	0	0	0	0
ENSG00000211656.3	0	0	0	0	0	0
ENSG00000211657.3	0	0	0	0	0	0
ENSG00000253920.1	0	0	0	0	1	0
ENSG00000253329.1	0	0	0	0	0	0
ENSG00000215456.5	0	0	0	0	0	0
ENSG00000183169.6	0	0	0	0	1	0
ENSG00000100121.12	0	0	0	0	1	0
ENSG00000253338.1	0	0	0	0	1	0
ENSG00000207834.1	0	0	0	0	0	0
ENSG00000253451.1	0	0	0	0	0	0
ENSG00000211658.2	0	0	0	2	0	0
ENSG00000253913.1	0	0	0	0	0	0
ENSG00000253779.1	0	0	0	0	0	0
ENSG00000211659.2	0	0	0	0	2	0
ENSG00000232350.1	0	0	0	0	0	0
ENSG00000223999.1	0	0	0	0	0	0
ENSG00000253822.1	0	0	0	0	0	0
ENSG00000211660.3	0	0	0	0	0	0
ENSG00000207830.1	0	0	0	0	0	0
ENSG00000253546.1	0	0	0	0	0	0
ENSG00000211661.2	0	0	0	0	0	0
ENSG00000211662.2	0	0	0	0	0	0
ENSG00000254240.1	0	0	0	0	0	0
ENSG00000211663.2	0	0	0	0	1	0
ENSG00000278667.1	0	0	0	0	0	0
ENSG00000264629.1	0	0	0	0	0	0
ENSG00000211664.2	0	0	0	0	0	0
ENSG00000254709.6	0	0	0	1	0	0
ENSG00000253152.1	0	0	0	0	0	0
ENSG00000211665.2	0	0	0	0	0	0
ENSG00000253786.1	0	0	0	0	0	0
ENSG00000207835.1	0	0	0	0	0	0
ENSG00000211666.2	0	0	0	5	1	5
ENSG00000253590.1	0	0	0	0	0	0
ENSG00000211667.2	0	0	0	0	0	0
ENSG00000231392.1	0	0	0	0	0	0
ENSG00000275772.1	0	0	0	0	0	0
ENSG00000207833.1	0	0	0	0	0	0
ENSG00000211668.2	0	0	0	0	0	0
ENSG00000274381.1	0	0	0	0	0	0
ENSG00000211669.2	0	0	0	0	0	0
ENSG00000226477.1	0	0	0	0	0	0
ENSG00000211670.2	0	0	0	0	1	0
ENSG00000278196.1	0	0	0	0	0	0
ENSG00000207836.1	0	0	0	0	0	0
ENSG00000237127.1	0	0	0	0	1	0
ENSG00000254077.1	0	0	0	0	0	0
ENSG00000253448.1	0	0	0	0	0	0
ENSG00000207832.1	0	0	0	0	0	0
ENSG00000253234.1	0	0	0	0	0	0
ENSG00000226420.1	0	0	0	0	0	0
ENSG00000211672.2	0	0	0	0	0	0
ENSG00000253963.1	0	0	0	0	0	0
ENSG00000211673.2	0	0	0	0	0	0
ENSG00000264824.1	0	0	0	0	0	0
ENSG00000211674.2	0	0	0	0	0	0
ENSG00000211675.2	0	0	0	0	0	0
ENSG00000211676.2	0	0	0	0	0	0
ENSG00000211677.2	0	0	0	858	488	614
ENSG00000211678.2	0	0	0	0	1	0
ENSG00000211679.2	0	0	0	107	46	77
ENSG00000211680.2	0	0	0	0	0	0
ENSG00000254029.1	0	0	0	0	0	0
ENSG00000211681.2	0	0	0	0	1	0
ENSG00000254030.1	0	0	0	0	0	0
ENSG00000211682.2	0	0	0	0	0	0
ENSG00000222037.5	0	0	0	0	0	0
ENSG00000211684.2	0	0	0	0	0	0
ENSG00000211685.3	0	0	0	8	4	4
ENSG00000237472.1	0	0	0	0	0	0
ENSG00000223679.1	0	0	0	1	0	0
ENSG00000100218.11	4	8	5	1	0	0
ENSG00000128266.8	220	241	210	31	17	26
ENSG00000221069.1	0	1	0	0	0	0
ENSG00000275635.1	0	0	0	0	0	0
ENSG00000100228.12	29	30	33	20	15	17
ENSG00000186716.19	229	361	302	333	203	270
ENSG00000236794.5	0	1	0	0	0	0
ENSG00000240160.3	1	1	1	1	0	2
ENSG00000230701.2	2	4	4	8	6	10
ENSG00000214526.3	0	2	0	0	0	0
ENSG00000236611.1	0	0	1	0	0	0
ENSG00000215478.8	2	2	0	0	1	0
ENSG00000133519.12	20	16	14	1	2	3
ENSG00000248409.1	1	1	0	0	0	0
ENSG00000234928.1	0	0	0	0	1	1
ENSG00000227755.1	0	1	0	1	3	1
ENSG00000178248.11	0	0	1	0	1	0
ENSG00000225413.2	0	0	0	4	4	3
ENSG00000280623.1	0	0	1	202	155	180
ENSG00000224277.5	0	0	0	0	2	0
ENSG00000128322.6	0	0	0	0	0	2
ENSG00000272733.1	1	3	0	0	1	0
ENSG00000278655.1	0	1	0	1	1	0
ENSG00000189269.12	2	2	1	0	4	1
ENSG00000275609.1	0	0	1	0	0	1
ENSG00000211683.3	0	3	0	0	0	1
ENSG00000228315.11	1	0	0	1	0	1
ENSG00000234353.2	0	0	0	2	4	1
ENSG00000244723.3	1	0	1	2	3	4
ENSG00000273000.5	0	0	0	0	0	0
ENSG00000272578.5	3	3	5	10	7	4
ENSG00000159496.14	16	27	18	17	15	8
ENSG00000187792.4	26	47	32	79	47	41
ENSG00000128218.7	0	0	0	0	0	3
ENSG00000169314.14	2	7	7	4	3	4
ENSG00000250479.8	28	28	27	26	15	29
ENSG00000099953.9	2	1	1	13	14	14
ENSG00000280178.1	0	0	0	0	0	0
ENSG00000099956.17	70	77	62	169	131	138
ENSG00000099958.14	4	8	7	79	43	74
ENSG00000272973.1	0	2	0	0	0	1
ENSG00000133460.19	52	61	40	23	32	27
ENSG00000251357.4	0	0	0	0	0	0
ENSG00000279467.1	4	4	1	6	4	4
ENSG00000244425.3	1	1	1	4	1	2
ENSG00000240972.1	3	2	2	2	1	1
ENSG00000218537.1	5	1	5	8	11	13
ENSG00000273295.1	11	14	12	27	24	27
ENSG00000277002.1	0	0	0	0	0	0
ENSG00000225282.1	2	2	1	2	1	7
ENSG00000206090.4	0	0	0	0	0	0
ENSG00000231271.1	0	0	0	0	0	0
ENSG00000133433.10	2	1	3	10	4	3
ENSG00000228039.3	0	0	0	0	0	0
ENSG00000099974.7	2	2	3	2	4	3
ENSG00000272787.1	1	2	1	1	4	3
ENSG00000099977.13	0	0	0	1	1	2
ENSG00000250470.1	0	0	0	0	0	0
ENSG00000099984.10	0	0	0	0	0	0
ENSG00000224205.1	0	0	0	1	0	0
ENSG00000276950.4	0	0	0	0	1	1
ENSG00000235689.1	0	0	0	0	1	0
ENSG00000099991.16	278	321	310	509	297	374
ENSG00000232545.1	13	11	7	14	10	13
ENSG00000099994.10	8	8	7	11	17	10
ENSG00000099998.17	22	31	22	10	4	3
ENSG00000230712.2	0	0	1	0	0	0
ENSG00000128262.8	1	1	2	0	1	1
ENSG00000225098.1	0	0	0	0	0	0
ENSG00000215464.4	0	0	0	0	1	0
ENSG00000100014.19	61	75	68	149	77	94
ENSG00000258555.4	0	1	0	0	1	2
ENSG00000128271.19	2	3	2	2	0	0
ENSG00000178803.10	2	5	5	6	12	4
ENSG00000100024.14	0	1	2	1	10	2
ENSG00000228923.1	0	0	0	0	1	0
ENSG00000138867.16	62	62	62	378	213	288
ENSG00000100028.11	68	86	97	291	209	253
ENSG00000100031.18	8	14	10	85	36	57
ENSG00000178026.12	20	30	26	21	24	24
ENSG00000230947.2	0	0	0	0	0	0
ENSG00000215481.8	1	1	2	5	5	8
ENSG00000224124.3	0	0	0	0	0	0
ENSG00000224806.2	0	0	0	0	0	0
ENSG00000224334.1	0	0	0	0	1	0
ENSG00000282012.1	0	0	0	0	0	0
ENSG00000237601.1	0	0	0	0	0	0
ENSG00000182351.7	0	0	0	0	1	0
ENSG00000184571.13	0	0	0	1	3	0
ENSG00000167037.18	150	187	163	5	8	7
ENSG00000199783.1	0	0	1	0	0	0
ENSG00000206069.5	0	0	1	0	1	0
ENSG00000197077.12	125	145	128	151	92	139
ENSG00000279085.1	3	3	0	1	3	0
ENSG00000279548.1	0	1	1	1	1	0
ENSG00000279006.1	0	2	1	3	4	3
ENSG00000279110.1	5	6	3	12	19	6
ENSG00000203280.4	7	7	5	4	1	1
ENSG00000271181.1	0	0	0	0	0	0
ENSG00000100053.9	0	1	1	1	0	0
ENSG00000236641.1	0	1	0	0	0	0
ENSG00000244752.2	0	1	0	0	4	0
ENSG00000278125.1	0	0	0	0	0	0
ENSG00000279298.1	0	0	0	0	0	0
ENSG00000233577.6	0	0	0	0	1	0
ENSG00000206066.3	0	0	0	0	0	0
ENSG00000230637.2	0	1	0	2	2	1
ENSG00000231466.2	0	2	2	4	2	1
ENSG00000100068.11	7	5	5	41	24	26
ENSG00000272942.1	0	0	0	1	2	1
ENSG00000272798.1	0	1	0	0	1	1
ENSG00000271138.1	0	0	0	0	0	0
ENSG00000100058.12	23	24	22	55	36	54
ENSG00000277872.1	0	0	0	0	0	0
ENSG00000272977.1	10	18	11	12	8	4
ENSG00000265978.1	0	0	0	0	0	0
ENSG00000234884.1	1	1	0	1	2	1
ENSG00000100077.14	207	286	262	171	136	127
ENSG00000237387.1	0	0	1	2	3	5
ENSG00000224003.1	3	5	4	9	4	4
ENSG00000222585.1	0	0	0	0	0	0
ENSG00000133454.15	0	0	0	85	85	64
ENSG00000278960.1	0	0	0	2	1	3
ENSG00000231933.7	0	0	0	1	6	4
ENSG00000264925.1	0	0	0	1	1	0
ENSG00000232464.1	0	0	0	0	0	0
ENSG00000223056.1	0	0	0	0	1	0
ENSG00000232050.1	0	0	0	0	0	0
ENSG00000236464.1	0	0	0	0	1	0
ENSG00000229770.1	1	0	0	0	1	1
ENSG00000100095.18	398	509	461	16	17	22
ENSG00000224192.2	3	5	2	0	0	0
ENSG00000252267.1	0	0	0	0	0	0
ENSG00000230203.1	0	0	0	0	1	0
ENSG00000128203.6	40	52	74	17	11	21
ENSG00000100099.20	113	174	183	318	202	254
ENSG00000100104.12	32	33	36	55	42	48
ENSG00000100109.16	60	91	51	139	75	94
ENSG00000261188.1	14	23	13	27	13	17
ENSG00000128294.15	38	39	38	85	45	86
ENSG00000221760.1	0	0	0	2	0	0
ENSG00000213707.2	2	3	2	9	10	6
ENSG00000100122.5	2	0	1	3	3	4
ENSG00000196431.3	1	0	0	0	1	1
ENSG00000226912.1	0	0	0	0	1	0
ENSG00000225783.6	389	407	401	36	28	33
ENSG00000278404.1	0	0	0	0	0	0
ENSG00000206028.1	0	4	0	0	0	0
ENSG00000277941.1	0	0	0	0	0	0
ENSG00000275942.1	0	0	0	0	0	0
ENSG00000244625.5	2	6	8	10	12	12
ENSG00000276991.1	0	0	0	0	0	0
ENSG00000223704.1	2	3	5	3	8	2
ENSG00000231369.1	0	0	0	0	0	0
ENSG00000235271.5	0	1	1	0	1	0
ENSG00000279440.1	0	0	0	0	8	0
ENSG00000200443.1	0	0	0	0	0	0
ENSG00000279914.1	0	0	0	0	0	0
ENSG00000279848.1	0	0	0	0	0	0
ENSG00000236858.1	1	0	0	0	2	0
ENSG00000280025.1	0	0	0	1	4	0
ENSG00000231405.1	0	0	0	0	1	0
ENSG00000238195.1	0	0	0	0	1	0
ENSG00000233521.5	1	0	0	2	1	3
ENSG00000233574.1	0	0	0	0	0	0
ENSG00000223726.1	0	0	0	0	0	0
ENSG00000226741.1	0	0	0	0	2	0
ENSG00000230051.1	1	3	1	0	0	0
ENSG00000280445.1	0	0	0	1	0	0
ENSG00000227880.1	0	0	0	0	0	0
ENSG00000224027.1	0	0	0	0	2	0
ENSG00000227838.1	0	0	0	2	1	1
ENSG00000231495.1	0	0	0	0	0	0
ENSG00000226169.1	0	0	0	0	1	0
ENSG00000169184.5	44	34	31	123	93	124
ENSG00000180957.17	80	92	64	111	86	85
ENSG00000235954.6	39	47	56	37	40	43
ENSG00000277460.1	0	0	0	0	0	0
ENSG00000264073.1	1	0	0	1	0	1
ENSG00000276150.1	0	0	0	0	0	0
ENSG00000100154.14	85	119	79	189	106	105
ENSG00000274342.1	0	0	0	0	0	0
ENSG00000276675.1	0	0	0	0	0	0
ENSG00000239249.3	1	0	0	0	0	0
ENSG00000201209.1	0	0	0	0	0	0
ENSG00000199797.1	0	1	0	0	0	0
ENSG00000276162.1	0	0	1	3	2	2
ENSG00000266503.2	0	0	0	0	0	1
ENSG00000183765.20	1	5	3	98	82	99
ENSG00000100209.9	7	7	11	35	21	19
ENSG00000159873.9	68	75	57	258	176	173
ENSG00000100219.16	67	102	78	1084	635	770
ENSG00000280977.1	0	0	0	1	0	1
ENSG00000226471.6	4	7	2	10	12	16
ENSG00000272858.1	1	0	0	4	3	2
ENSG00000224256.1	0	0	0	0	0	0
ENSG00000183579.15	96	103	100	98	89	83
ENSG00000235786.1	1	6	3	4	3	2
ENSG00000177993.3	6	3	3	8	2	2
ENSG00000100249.4	0	2	0	0	1	0
ENSG00000183762.12	50	62	35	75	59	69
ENSG00000226772.1	1	0	2	0	0	0
ENSG00000281592.1	0	0	0	0	0	0
ENSG00000200871.1	1	0	0	0	0	0
ENSG00000251952.1	0	0	0	0	0	0
ENSG00000186998.15	11	19	29	12	6	7
ENSG00000100263.13	23	40	32	79	57	66
ENSG00000237015.1	2	1	3	8	3	5
ENSG00000182944.17	346	356	360	920	673	836
ENSG00000185340.15	73	76	66	32	23	33
ENSG00000100276.9	9	27	17	0	2	0
ENSG00000273216.1	0	0	1	1	1	0
ENSG00000100280.16	225	263	247	349	239	263
ENSG00000280968.1	0	0	0	0	0	0
ENSG00000239127.1	0	0	0	0	0	0
ENSG00000242156.1	0	0	0	0	0	0
ENSG00000278292.1	0	0	0	0	1	0
ENSG00000225465.8	101	96	95	5	2	0
ENSG00000274457.1	0	0	0	0	0	0
ENSG00000128250.5	0	0	0	0	0	0
ENSG00000282816.1	0	0	0	0	0	0
ENSG00000100285.9	188	254	252	26	24	21
ENSG00000100296.13	71	123	65	220	137	149
ENSG00000234208.1	0	0	1	1	2	0
ENSG00000184117.11	96	123	111	268	176	215
ENSG00000186575.17	207	273	238	450	308	350
ENSG00000233010.1	2	4	1	2	0	3
ENSG00000232396.2	0	1	0	0	1	0
ENSG00000239446.1	0	0	0	0	0	0
ENSG00000100314.3	16	20	24	2	1	5
ENSG00000100319.12	16	12	5	18	20	14
ENSG00000200976.1	0	0	0	0	0	0
ENSG00000184076.12	83	93	104	184	97	136
ENSG00000100325.14	35	43	39	144	91	130
ENSG00000100330.15	31	42	30	28	14	17
ENSG00000278841.1	1	0	1	0	1	0
ENSG00000207455.1	0	0	0	0	0	0
ENSG00000221736.2	0	0	1	0	0	0
ENSG00000279159.1	69	88	71	81	60	70
ENSG00000275818.1	0	0	0	0	0	0
ENSG00000227117.6	1	0	0	1	1	0
ENSG00000227201.2	0	1	0	0	1	0
ENSG00000176635.17	0	0	0	1	5	0
ENSG00000226573.1	0	0	0	0	0	0
ENSG00000225971.1	0	0	0	0	0	0
ENSG00000225676.1	0	0	0	0	2	0
ENSG00000232530.1	0	0	0	2	0	0
ENSG00000128342.4	2	3	3	151	92	102
ENSG00000268812.3	0	0	0	3	1	0
ENSG00000099985.3	0	0	1	0	0	2
ENSG00000279699.1	2	3	0	0	1	1
ENSG00000239282.7	2	4	2	0	0	0
ENSG00000248751.6	0	0	0	0	0	0
ENSG00000099992.15	10	15	12	31	26	31
ENSG00000099995.18	180	233	178	386	254	281
ENSG00000187860.10	3	13	5	7	8	7
ENSG00000099999.14	54	64	41	54	39	44
ENSG00000100003.17	48	77	64	41	32	31
ENSG00000249590.7	0	0	0	0	0	0
ENSG00000275258.1	0	0	1	0	0	0
ENSG00000273350.1	3	6	4	4	6	4
ENSG00000222915.1	1	1	0	0	0	0
ENSG00000272689.1	0	2	1	4	4	2
ENSG00000242114.5	0	0	0	1	1	2
ENSG00000273428.3	0	0	0	1	1	1
ENSG00000230137.1	0	0	0	1	0	0
ENSG00000100012.11	1	0	0	0	2	0
ENSG00000181123.8	0	0	0	0	0	0
ENSG00000214161.3	0	0	0	0	0	0
ENSG00000133488.14	0	0	0	3	2	4
ENSG00000214491.8	4	12	3	3	7	5
ENSG00000225774.2	0	0	0	0	0	0
ENSG00000128242.12	19	18	21	4	6	4
ENSG00000100029.17	65	78	69	274	201	256
ENSG00000223831.1	0	0	0	0	1	0
ENSG00000185339.8	19	26	23	55	49	40
ENSG00000100036.12	18	32	26	21	12	13
ENSG00000167065.13	7	13	7	12	8	7
ENSG00000250318.1	1	2	0	2	0	1
ENSG00000184792.15	119	139	97	112	57	83
ENSG00000264661.2	2	0	0	0	0	0
ENSG00000237977.1	1	4	9	3	6	6
ENSG00000235989.3	1	2	3	5	2	1
ENSG00000133422.12	69	76	46	137	96	144
ENSG00000253352.8	149	181	163	410	262	305
ENSG00000276664.1	0	0	0	0	0	0
ENSG00000276057.1	0	0	0	0	0	0
ENSG00000276965.1	0	0	0	0	0	0
ENSG00000275307.1	0	0	0	0	0	0
ENSG00000269987.1	0	0	0	0	0	0
ENSG00000269972.1	0	0	0	0	0	0
ENSG00000278920.1	0	0	0	2	5	2
ENSG00000240186.3	0	0	0	0	0	0
ENSG00000183963.18	42	49	45	130	86	135
ENSG00000273387.1	1	2	1	8	4	3
ENSG00000198832.10	83	87	77	25	18	17
ENSG00000235573.2	0	0	0	0	0	0
ENSG00000185133.13	59	77	58	7	8	14
ENSG00000100078.3	1	5	2	13	12	8
ENSG00000214125.2	0	0	0	0	0	0
ENSG00000264141.1	0	0	0	0	0	0
ENSG00000138942.15	55	97	69	94	78	84
ENSG00000254835.1	0	0	0	0	0	0
ENSG00000182541.17	96	119	104	114	70	96
ENSG00000199695.1	0	0	0	0	1	0
ENSG00000202019.1	0	0	0	0	1	1
ENSG00000100100.12	113	162	129	52	32	33
ENSG00000228839.5	1	1	3	1	0	1
ENSG00000212542.1	0	0	0	0	0	0
ENSG00000100105.17	71	74	61	191	115	137
ENSG00000213888.3	12	14	14	8	9	6
ENSG00000206615.1	0	0	0	0	0	0
ENSG00000185721.11	83	106	96	190	143	152
ENSG00000184708.17	84	93	87	84	72	73
ENSG00000240591.1	0	0	1	0	1	0
ENSG00000199248.1	1	0	0	0	1	1
ENSG00000198089.14	109	125	106	139	101	133
ENSG00000233733.1	1	0	1	0	0	0
ENSG00000229169.1	0	0	0	0	0	0
ENSG00000214093.3	0	1	1	4	1	4
ENSG00000241878.9	180	235	211	148	90	105
ENSG00000275382.1	0	0	0	0	0	0
ENSG00000183530.13	219	269	233	418	292	332
ENSG00000100150.16	52	79	75	77	49	65
ENSG00000242251.3	0	0	0	1	2	1
ENSG00000236132.1	0	0	1	1	2	0
ENSG00000252909.1	0	0	0	0	0	0
ENSG00000227813.1	0	1	2	0	0	0
ENSG00000128254.12	0	4	4	2	1	1
ENSG00000128245.14	1023	1357	1143	334	218	289
ENSG00000227519.1	0	0	0	1	0	0
ENSG00000230866.1	0	0	0	0	2	0
ENSG00000240647.3	0	0	0	0	0	0
ENSG00000232346.1	0	0	0	0	0	0
ENSG00000100170.9	0	0	0	0	5	0
ENSG00000234479.2	0	0	0	0	1	0
ENSG00000237439.1	0	0	0	0	0	0
ENSG00000232707.1	0	0	0	0	0	0
ENSG00000239674.2	0	0	0	1	0	0
ENSG00000205856.3	0	2	0	0	1	1
ENSG00000230120.1	0	0	0	0	0	0
ENSG00000275656.1	0	0	0	0	0	0
ENSG00000128253.13	5	2	9	1	1	0
ENSG00000279219.1	0	0	0	1	0	0
ENSG00000254127.1	0	0	0	0	0	1
ENSG00000242082.1	4	5	2	2	3	1
ENSG00000100191.5	7	12	5	13	9	4
ENSG00000214076.3	41	43	42	5	12	9
ENSG00000224050.1	1	1	3	0	0	0
ENSG00000273325.1	0	3	0	1	0	0
ENSG00000234626.1	0	1	1	1	0	0
ENSG00000128276.10	0	0	0	0	0	0
ENSG00000271093.1	0	0	0	0	0	0
ENSG00000205853.10	0	0	1	0	0	0
ENSG00000274617.1	0	0	0	0	0	0
ENSG00000274170.1	0	0	0	0	0	0
ENSG00000230736.2	1	2	2	1	1	1
ENSG00000243519.1	0	0	0	0	0	0
ENSG00000241954.1	0	1	0	4	2	0
ENSG00000232218.1	2	0	0	2	0	1
ENSG00000100220.11	109	148	125	338	182	247
ENSG00000184459.8	0	0	0	0	2	0
ENSG00000100225.17	163	179	198	429	378	371
ENSG00000185666.14	73	111	79	11	12	9
ENSG00000236054.1	1	4	5	1	1	1
ENSG00000251890.1	0	0	0	0	0	0
ENSG00000229673.1	0	0	1	0	1	0
ENSG00000100234.11	211	270	242	804	489	598
ENSG00000228194.1	0	0	0	0	0	0
ENSG00000228622.1	0	0	0	0	0	0
ENSG00000231253.1	0	0	0	0	0	1
ENSG00000233632.1	0	0	0	0	1	0
ENSG00000133424.20	173	213	200	82	57	84
ENSG00000232073.1	0	0	0	0	0	0
ENSG00000230741.1	1	1	2	3	1	0
ENSG00000266012.1	1	0	0	0	0	0
ENSG00000253007.2	0	0	0	0	0	0
ENSG00000281295.1	0	0	0	0	0	0
ENSG00000232081.1	0	0	0	0	0	1
ENSG00000224973.5	7	6	5	5	7	5
ENSG00000273082.1	0	0	0	0	0	0
ENSG00000236052.1	0	0	0	0	1	0
ENSG00000224404.1	0	1	2	0	0	0
ENSG00000235485.1	0	0	0	0	0	0
ENSG00000280356.1	0	0	0	3	4	2
ENSG00000234891.1	2	3	0	0	1	0
ENSG00000237316.1	0	0	1	0	0	0
ENSG00000227895.5	1	0	0	2	1	1
ENSG00000175329.12	0	0	0	6	4	1
ENSG00000233080.2	0	0	0	1	0	1
ENSG00000273068.1	0	0	0	0	0	0
ENSG00000279184.1	0	0	1	72	75	62
ENSG00000238153.1	0	0	0	0	0	0
ENSG00000243453.1	0	0	0	0	0	0
ENSG00000238584.1	0	0	0	0	0	0
ENSG00000100281.13	33	45	47	125	102	101
ENSG00000273176.1	2	0	1	0	0	0
ENSG00000100284.20	98	118	104	84	56	69
ENSG00000266320.1	1	0	0	1	1	0
ENSG00000274280.1	0	0	0	0	0	0
ENSG00000282602.1	0	0	0	1	0	0
ENSG00000282041.1	0	0	0	0	0	0
ENSG00000100292.16	13	19	13	82	51	80
ENSG00000100297.15	28	32	34	543	295	446
ENSG00000233388.2	0	0	0	4	1	5
ENSG00000273044.1	0	0	0	0	0	0
ENSG00000100302.6	55	80	60	15	14	17
ENSG00000198125.12	0	1	0	9	8	8
ENSG00000268818.2	0	0	0	0	1	0
ENSG00000221963.5	64	54	56	328	197	252
ENSG00000228587.1	0	0	0	0	0	0
ENSG00000226336.2	0	0	0	0	0	0
ENSG00000128313.2	0	0	1	0	0	0
ENSG00000100320.22	621	738	710	521	368	410
ENSG00000237406.1	3	3	2	4	4	3
ENSG00000279652.1	9	8	4	20	23	18
ENSG00000279927.1	0	0	0	0	0	0
ENSG00000279217.1	0	0	0	0	9	0
ENSG00000279714.1	0	0	0	0	0	0
ENSG00000279805.1	1	0	1	0	1	0
ENSG00000128284.19	8	6	12	39	33	19
ENSG00000233764.1	0	0	0	0	1	0
ENSG00000231576.1	0	0	0	0	0	0
ENSG00000237948.1	0	0	0	0	1	0
ENSG00000225557.1	0	0	0	0	1	0
ENSG00000237129.1	0	0	0	0	0	0
ENSG00000229088.1	0	0	0	0	1	0
ENSG00000100336.17	10	6	8	9	4	4
ENSG00000128335.13	112	153	135	148	111	115
ENSG00000100342.20	4	9	6	85	65	76
ENSG00000100345.20	449	513	485	2687	1606	2110
ENSG00000278420.1	0	0	0	0	0	0
ENSG00000223695.1	1	2	1	2	0	0
ENSG00000237668.1	0	0	0	0	1	0
ENSG00000252575.1	0	0	0	0	0	0
ENSG00000252225.1	0	0	0	0	0	0
ENSG00000228719.1	0	1	3	0	0	0
ENSG00000100348.9	27	41	39	82	49	39
ENSG00000100350.14	74	108	106	218	104	119
ENSG00000100353.17	103	119	132	745	497	638
ENSG00000188078.5	0	0	0	0	0	1
ENSG00000229971.1	0	0	0	0	0	0
ENSG00000261675.1	41	56	44	0	0	0
ENSG00000166862.6	33	34	48	0	1	0
ENSG00000234688.1	3	2	4	0	0	0
ENSG00000100360.14	55	58	56	77	57	60
ENSG00000100362.12	100	130	102	25	17	15
ENSG00000234979.1	2	0	0	0	0	0
ENSG00000183822.3	0	0	1	1	4	1
ENSG00000100365.14	3	7	1	23	16	14
ENSG00000100368.13	2	3	4	50	42	40
ENSG00000232254.1	0	0	0	0	1	0
ENSG00000215403.1	0	0	0	0	1	0
ENSG00000185264.11	0	0	0	0	0	0
ENSG00000128311.13	18	21	18	88	61	51
ENSG00000252412.1	1	1	1	2	0	0
ENSG00000128309.16	34	29	33	130	76	112
ENSG00000100379.17	47	75	73	33	21	14
ENSG00000201078.1	0	0	0	1	0	0
ENSG00000187045.16	1	3	0	5	5	3
ENSG00000231467.2	0	0	0	0	1	0
ENSG00000100385.13	1	0	0	6	6	4
ENSG00000252142.1	0	0	0	0	1	0
ENSG00000235237.1	0	0	0	1	0	0
ENSG00000133466.13	9	8	10	83	65	64
ENSG00000278195.1	29	36	48	14	12	12
ENSG00000226233.1	0	0	0	0	0	0
ENSG00000128340.14	8	8	5	109	79	92
ENSG00000100055.20	13	18	16	22	19	12
ENSG00000243902.6	2	4	3	0	0	0
ENSG00000237862.1	1	2	1	1	3	0
ENSG00000166897.14	94	126	102	19	13	22
ENSG00000272694.1	0	0	0	0	0	0
ENSG00000100060.17	4	5	6	76	30	49
ENSG00000100065.14	2	5	5	97	76	74
ENSG00000225867.1	1	1	0	0	0	0
ENSG00000128283.6	67	100	64	143	81	126
ENSG00000100079.6	0	0	0	7	5	3
ENSG00000273866.1	0	0	0	0	1	0
ENSG00000100083.18	119	155	127	309	194	222
ENSG00000100092.20	17	9	10	43	31	32
ENSG00000233360.4	0	3	1	3	2	2
ENSG00000241360.1	1	5	4	1	1	1
ENSG00000241333.3	0	1	0	0	0	0
ENSG00000100097.11	76	93	77	731	447	617
ENSG00000273899.4	8	9	11	26	14	17
ENSG00000100101.15	0	0	0	0	0	0
ENSG00000100106.19	35	28	25	157	98	135
ENSG00000281932.1	0	0	0	0	0	0
ENSG00000189060.5	105	144	112	251	167	190
ENSG00000100116.16	34	27	33	76	55	53
ENSG00000128310.2	1	0	2	1	1	0
ENSG00000100124.12	33	48	55	90	51	73
ENSG00000207945.1	0	0	0	0	0	0
ENSG00000207696.1	0	0	0	1	0	0
ENSG00000100129.17	185	214	194	656	433	580
ENSG00000279738.1	10	23	12	42	31	20
ENSG00000207227.1	0	0	0	0	0	0
ENSG00000100139.13	52	63	62	149	97	115
ENSG00000278948.1	1	3	0	2	1	0
ENSG00000128346.10	2	1	5	9	6	3
ENSG00000280527.1	0	2	0	0	0	1
ENSG00000279010.1	160	183	147	100	80	71
ENSG00000272582.1	0	0	0	0	0	0
ENSG00000100142.14	14	27	16	12	8	7
ENSG00000277321.1	0	0	0	0	0	0
ENSG00000100146.16	0	0	0	0	0	0
ENSG00000264505.1	0	0	0	0	0	0
ENSG00000222044.1	6	3	10	4	7	0
ENSG00000273214.1	0	0	1	0	1	0
ENSG00000100151.15	73	72	78	46	31	56
ENSG00000233739.1	0	0	0	0	0	0
ENSG00000100156.10	9	13	11	11	5	6
ENSG00000128298.16	5	17	8	18	8	9
ENSG00000272720.1	10	3	3	4	2	3
ENSG00000184381.18	53	53	60	85	46	46
ENSG00000279080.1	2	3	2	12	7	6
ENSG00000185022.11	29	27	20	97	63	68
ENSG00000198792.12	195	226	207	184	131	161
ENSG00000235246.1	0	0	0	0	0	0
ENSG00000241693.2	0	0	0	0	1	0
ENSG00000265311.1	0	0	0	0	0	0
ENSG00000277385.1	0	0	0	0	0	0
ENSG00000213923.10	231	228	221	591	340	445
ENSG00000244627.5	8	15	9	28	25	22
ENSG00000229955.1	2	0	1	6	4	3
ENSG00000228620.1	0	0	0	0	0	0
ENSG00000168135.4	37	62	48	1	1	1
ENSG00000100196.10	6	6	7	106	92	91
ENSG00000100201.18	1517	1778	1623	2781	1796	2221
ENSG00000100206.9	2	4	0	15	11	8
ENSG00000224279.2	1	0	0	0	0	0
ENSG00000184949.15	16	12	17	40	47	22
ENSG00000100211.10	16	18	12	22	20	35
ENSG00000230912.1	3	1	0	0	4	2
ENSG00000228274.3	11	6	15	5	8	6
ENSG00000100216.5	52	67	51	176	111	155
ENSG00000100221.10	149	161	133	261	203	210
ENSG00000100226.15	144	188	151	334	181	247
ENSG00000229598.1	3	5	2	11	3	10
ENSG00000244491.1	0	0	0	0	0	0
ENSG00000100242.15	239	333	271	238	130	200
ENSG00000230149.2	0	1	0	1	0	1
ENSG00000273096.1	1	1	1	2	3	3
ENSG00000225450.1	1	0	2	2	0	0
ENSG00000272669.1	1	5	1	4	8	5
ENSG00000273076.1	0	1	1	4	0	2
ENSG00000100246.12	17	41	33	43	16	24
ENSG00000221890.2	388	446	393	69	59	50
ENSG00000183741.11	737	873	828	359	241	299
ENSG00000235209.1	0	0	0	0	0	0
ENSG00000128383.12	0	0	0	0	1	0
ENSG00000179750.15	0	0	0	19	17	13
ENSG00000249310.2	0	0	0	0	0	0
ENSG00000244509.3	3	3	3	75	45	56
ENSG00000243811.7	1	1	3	17	6	9
ENSG00000128394.16	1	0	0	10	6	8
ENSG00000239713.7	4	9	3	40	27	24
ENSG00000259421.1	0	0	0	0	0	0
ENSG00000225720.6	0	2	1	0	0	0
ENSG00000100298.15	4	3	0	0	0	0
ENSG00000100307.12	174	243	200	23	21	22
ENSG00000226024.1	0	0	0	0	0	0
ENSG00000279833.1	6	18	8	8	6	6
ENSG00000227009.1	0	0	0	0	0	0
ENSG00000100311.16	33	45	32	40	28	43
ENSG00000224794.1	0	0	0	0	0	1
ENSG00000100316.15	657	760	717	4014	2396	3039
ENSG00000209480.1	0	0	0	0	0	0
ENSG00000209482.1	2	0	0	6	4	2
ENSG00000280859.1	0	0	0	1	0	1
ENSG00000263764.1	0	0	0	0	0	0
ENSG00000100321.14	762	995	868	54	51	42
ENSG00000280216.1	1	2	2	0	0	0
ENSG00000100324.13	99	91	70	82	75	86
ENSG00000128268.11	257	327	273	35	15	23
ENSG00000227188.1	5	9	8	1	2	1
ENSG00000100335.12	95	121	114	312	163	203
ENSG00000128272.14	291	358	307	1350	817	1064
ENSG00000187051.8	72	88	72	128	95	95
ENSG00000100346.17	106	139	134	2	7	0
ENSG00000176177.9	0	0	0	2	3	3
ENSG00000235647.1	0	0	0	0	1	0
ENSG00000238875.1	0	0	0	0	0	0
ENSG00000226085.3	1	5	6	4	8	4
ENSG00000100351.16	1	0	1	64	44	43
ENSG00000225528.1	0	0	0	8	1	7
ENSG00000133477.16	0	1	6	27	19	14
ENSG00000261202.1	0	2	0	1	0	2
ENSG00000100354.20	580	682	590	526	323	405
ENSG00000228599.1	2	4	2	3	2	2
ENSG00000239900.11	40	39	46	276	171	199
ENSG00000279624.3	0	0	1	1	0	0
ENSG00000100359.20	107	128	111	139	99	131
ENSG00000229999.6	1	2	1	4	4	5
ENSG00000196588.14	138	133	102	138	80	93
ENSG00000272834.1	0	0	1	1	1	3
ENSG00000227413.1	2	0	2	0	4	0
ENSG00000232564.2	4	10	8	11	7	9
ENSG00000252124.1	1	1	1	2	2	0
ENSG00000172912.4	1	0	0	1	0	0
ENSG00000230071.2	1	2	1	7	5	11
ENSG00000231907.2	0	1	0	0	1	0
ENSG00000128285.4	12	21	17	2	3	2
ENSG00000100372.14	39	38	40	121	95	115
ENSG00000230769.1	1	1	3	5	1	1
ENSG00000233603.1	1	1	0	6	1	4
ENSG00000266594.1	0	0	0	2	0	1
ENSG00000100380.12	392	479	463	891	640	767
ENSG00000196236.12	31	44	39	149	103	122
ENSG00000172404.4	2	2	0	1	1	0
ENSG00000273979.1	0	0	0	0	0	2
ENSG00000200683.1	0	0	0	0	0	1
ENSG00000100387.8	52	71	60	129	78	90
ENSG00000222698.1	0	0	0	0	0	0
ENSG00000280863.1	0	0	0	0	0	0
ENSG00000237214.3	0	0	0	0	0	0
ENSG00000199515.1	0	0	0	0	0	0
ENSG00000213857.3	0	0	0	0	0	0
ENSG00000100393.9	298	398	402	561	317	398
ENSG00000221160.1	0	0	0	0	0	0
ENSG00000252859.1	0	0	0	0	1	0
ENSG00000232754.1	0	3	0	3	2	1
ENSG00000231993.1	1	2	0	1	1	2
ENSG00000215771.2	0	1	0	0	0	1
ENSG00000100395.14	84	88	73	93	75	79
ENSG00000235513.1	5	5	8	2	4	6
ENSG00000100399.15	31	40	37	1	2	1
ENSG00000100401.19	256	314	266	463	295	388
ENSG00000274552.1	0	0	0	0	0	0
ENSG00000100403.11	419	531	477	455	287	377
ENSG00000167074.14	334	382	341	43	34	28
ENSG00000199865.1	0	2	0	0	0	0
ENSG00000273424.1	0	0	2	4	1	0
ENSG00000183864.4	203	277	197	172	115	142
ENSG00000100410.7	34	36	17	135	77	89
ENSG00000100412.15	293	358	340	252	165	194
ENSG00000100413.16	94	79	79	115	70	76
ENSG00000172346.14	72	93	65	6	5	1
ENSG00000100417.11	30	34	47	43	24	22
ENSG00000100418.7	129	188	159	189	133	135
ENSG00000196419.12	364	412	379	1437	973	1126
ENSG00000200332.1	0	0	0	1	0	0
ENSG00000100138.13	168	201	179	366	219	290
ENSG00000207457.1	0	1	0	3	1	0
ENSG00000184208.10	34	36	32	55	46	49
ENSG00000167077.12	1	5	1	8	6	2
ENSG00000231261.1	0	1	0	0	0	0
ENSG00000252603.1	0	0	0	0	0	0
ENSG00000206813.1	0	0	0	0	0	0
ENSG00000100147.13	9	24	19	39	24	30
ENSG00000184068.2	12	14	12	34	18	23
ENSG00000198911.11	490	659	570	614	382	532
ENSG00000207932.1	0	1	2	0	0	0
ENSG00000234965.2	33	30	18	0	0	4
ENSG00000159958.4	4	2	2	11	8	12
ENSG00000263463.1	0	0	0	0	0	0
ENSG00000100162.14	0	3	1	65	35	53
ENSG00000205704.6	28	16	21	0	1	1
ENSG00000100167.19	697	879	833	51	36	54
ENSG00000224883.1	4	3	3	0	1	0
ENSG00000183066.14	14	11	8	5	9	2
ENSG00000215347.3	0	0	0	0	1	0
ENSG00000198951.11	30	43	52	144	106	130
ENSG00000177096.8	9	3	4	6	5	6
ENSG00000238498.1	0	0	0	0	1	0
ENSG00000183172.8	25	42	34	28	15	25
ENSG00000184983.9	67	100	81	167	109	125
ENSG00000270083.1	2	1	2	8	4	2
ENSG00000237037.9	10	16	19	13	5	11
ENSG00000213790.2	1	0	3	3	0	0
ENSG00000100197.20	15	22	16	16	9	4
ENSG00000227370.1	0	1	0	3	1	3
ENSG00000232710.1	1	1	0	0	0	0
ENSG00000281538.1	3	6	4	1	1	1
ENSG00000205702.10	6	9	8	2	3	8
ENSG00000226450.2	2	3	4	5	6	7
ENSG00000100207.18	205	258	209	455	280	353
ENSG00000182057.4	0	3	1	13	6	7
ENSG00000233903.2	1	2	1	8	5	5
ENSG00000273366.1	1	3	1	8	1	4
ENSG00000229891.1	1	3	5	2	4	1
ENSG00000235568.6	5	5	11	8	9	9
ENSG00000230107.1	0	0	0	1	1	2
ENSG00000172250.14	4	3	5	2	2	1
ENSG00000189306.10	54	85	70	149	79	113
ENSG00000265106.1	0	0	0	0	0	0
ENSG00000183569.17	6	10	6	15	14	19
ENSG00000182841.12	20	28	18	49	41	42
ENSG00000202058.1	281	313	223	247	405	366
ENSG00000251913.1	0	0	0	0	0	0
ENSG00000100227.17	140	154	151	264	171	210
ENSG00000276027.1	0	0	0	0	0	0
ENSG00000270022.3	1	0	0	3	2	2
ENSG00000100243.20	127	170	135	377	251	309
ENSG00000249222.1	0	3	1	2	0	0
ENSG00000128274.15	8	4	2	36	23	25
ENSG00000200448.1	0	0	0	0	0	0
ENSG00000234009.1	0	0	0	0	0	1
ENSG00000229608.1	0	1	0	0	1	0
ENSG00000274717.1	0	0	1	1	2	1
ENSG00000242247.10	50	62	42	179	143	122
ENSG00000100266.17	114	126	111	261	172	221
ENSG00000226989.1	0	1	0	1	0	0
ENSG00000230319.1	3	3	1	0	4	0
ENSG00000100271.16	14	27	26	11	11	18
ENSG00000234735.1	0	1	0	0	0	0
ENSG00000100290.2	1	3	6	4	5	6
ENSG00000100294.12	19	27	25	43	27	35
ENSG00000100300.17	12	10	13	136	88	111
ENSG00000100304.12	57	96	58	280	212	236
ENSG00000159307.18	1	5	3	11	15	7
ENSG00000236272.1	0	0	0	0	0	0
ENSG00000234892.1	0	0	0	0	0	0
ENSG00000203527.2	0	0	0	1	0	0
ENSG00000236117.1	1	0	0	1	3	0
ENSG00000186732.13	121	154	138	1	3	3
ENSG00000223843.4	2	3	0	0	2	0
ENSG00000186976.14	36	43	34	6	4	3
ENSG00000233157.1	1	0	1	0	0	1
ENSG00000180150.5	0	0	0	0	0	0
ENSG00000261251.1	2	3	6	2	4	5
ENSG00000130540.13	289	332	287	5	7	2
ENSG00000100341.11	3	2	2	0	3	0
ENSG00000266837.1	0	0	0	0	0	0
ENSG00000100344.10	6	5	5	45	37	37
ENSG00000100347.14	43	46	46	123	110	98
ENSG00000224856.2	0	1	0	0	0	2
ENSG00000188677.14	68	88	67	149	129	136
ENSG00000279175.1	3	6	4	9	9	10
ENSG00000280434.1	3	7	5	17	13	7
ENSG00000138964.16	5	9	6	17	19	7
ENSG00000279933.1	0	0	1	1	0	0
ENSG00000280011.1	0	3	0	3	7	3
ENSG00000138944.7	149	205	176	162	109	133
ENSG00000220702.1	0	0	0	0	0	0
ENSG00000236079.1	0	0	0	0	0	0
ENSG00000232655.1	0	0	0	0	0	0
ENSG00000228807.1	0	0	0	0	0	0
ENSG00000279642.1	0	0	0	0	0	0
ENSG00000188636.3	172	261	176	235	149	178
ENSG00000215333.3	0	0	0	0	2	0
ENSG00000187012.10	0	0	0	0	4	0
ENSG00000234300.1	0	0	0	0	0	0
ENSG00000231801.2	0	0	0	0	0	0
ENSG00000186654.20	10	5	6	24	20	15
ENSG00000248405.9	0	1	0	1	1	0
ENSG00000241484.9	2	1	2	5	6	3
ENSG00000056487.15	15	14	9	15	16	12
ENSG00000223730.1	1	1	0	1	1	0
ENSG00000230922.1	1	5	0	5	4	2
ENSG00000226328.6	27	24	31	32	28	28
ENSG00000273243.1	1	3	0	6	2	4
ENSG00000093000.18	131	173	153	414	290	317
ENSG00000273353.1	0	0	0	0	1	0
ENSG00000100364.18	310	364	315	260	166	190
ENSG00000221598.2	1	2	4	0	1	1
ENSG00000273287.2	1	3	1	0	0	0
ENSG00000213752.3	0	0	0	0	0	0
ENSG00000100373.9	0	0	0	2	1	1
ENSG00000100376.11	54	50	50	112	66	97
ENSG00000077935.16	3	0	4	6	11	9
ENSG00000128408.8	0	4	1	12	11	4
ENSG00000232363.1	0	0	0	0	1	0
ENSG00000077942.17	43	47	33	122	96	116
ENSG00000238120.1	0	0	0	3	1	0
ENSG00000251985.1	0	0	0	1	0	0
ENSG00000280383.1	16	21	15	30	17	27
ENSG00000130638.15	196	254	246	192	153	171
ENSG00000264160.1	1	0	0	0	1	1
ENSG00000235347.1	0	3	2	5	1	0
ENSG00000279954.1	0	4	2	0	1	0
ENSG00000235091.1	1	0	0	0	0	0
ENSG00000188064.9	7	11	6	9	9	17
ENSG00000265610.1	0	0	0	0	0	0
ENSG00000280424.1	3	2	2	4	5	3
ENSG00000273145.1	0	0	1	1	6	4
ENSG00000231711.2	7	14	9	7	5	8
ENSG00000182257.6	7	12	15	7	2	3
ENSG00000273289.1	4	8	3	0	0	0
ENSG00000241990.5	6	11	5	9	5	9
ENSG00000197182.12	79	133	83	60	54	51
ENSG00000231010.1	9	14	11	2	1	6
ENSG00000235159.1	17	15	12	6	6	8
ENSG00000266533.1	2	2	1	5	1	2
ENSG00000198986.2	0	0	0	0	0	0
ENSG00000264147.1	0	0	0	0	0	0
ENSG00000207875.1	0	0	0	0	0	0
ENSG00000186951.16	70	100	84	193	147	137
ENSG00000280384.1	0	1	1	3	5	4
ENSG00000205643.10	14	13	11	28	11	18
ENSG00000130943.6	6	6	7	8	12	8
ENSG00000075234.16	29	28	20	90	72	84
ENSG00000277232.2	2	2	3	2	2	3
ENSG00000075218.18	2	2	1	145	111	118
ENSG00000100416.12	64	78	75	191	111	141
ENSG00000075275.16	0	6	4	251	135	194
ENSG00000230634.1	0	0	0	0	0	0
ENSG00000234869.1	0	0	0	0	9	1
ENSG00000075240.16	97	107	75	156	97	135
ENSG00000100422.13	209	249	268	297	188	241
ENSG00000260708.1	2	6	12	14	13	15
ENSG00000054611.13	39	53	47	79	51	74
ENSG00000280080.1	1	1	2	1	4	2
ENSG00000278881.1	2	4	3	2	1	3
ENSG00000280312.1	1	1	0	1	3	0
ENSG00000224715.1	0	1	0	0	2	0
ENSG00000218357.3	0	0	0	0	1	0
ENSG00000205634.6	7	6	1	5	3	1
ENSG00000224271.5	7	8	7	31	28	21
ENSG00000232897.2	1	0	2	0	2	1
ENSG00000230345.1	1	0	0	2	3	0
ENSG00000279712.1	4	3	3	7	12	14
ENSG00000235154.1	0	0	0	0	0	0
ENSG00000278890.1	0	0	0	0	2	0
ENSG00000238192.1	0	0	0	0	1	0
ENSG00000229275.1	0	0	0	0	0	0
ENSG00000266508.1	0	0	0	0	0	0
ENSG00000233179.1	0	0	0	0	0	0
ENSG00000219438.8	139	163	150	18	16	14
ENSG00000281732.1	17	16	18	0	1	1
ENSG00000266887.1	0	0	0	0	1	0
ENSG00000251912.1	0	0	0	0	0	1
ENSG00000205632.2	8	7	6	0	9	1
ENSG00000226142.2	0	0	0	0	1	0
ENSG00000280199.1	0	0	0	0	3	0
ENSG00000188511.12	2	4	2	36	25	23
ENSG00000280224.1	0	0	0	0	3	3
ENSG00000279597.1	0	0	0	0	1	5
ENSG00000264139.1	0	0	0	0	0	0
ENSG00000212939.2	0	0	1	13	19	18
ENSG00000213279.2	0	0	0	7	1	6
ENSG00000235111.1	1	0	1	17	14	8
ENSG00000226954.1	0	0	0	0	4	0
ENSG00000223142.1	0	0	0	0	0	0
ENSG00000214727.2	0	0	0	0	1	0
ENSG00000100425.18	92	116	103	184	121	160
ENSG00000279345.1	3	2	8	5	8	3
ENSG00000236867.1	2	3	2	3	3	3
ENSG00000260613.1	1	2	1	1	2	0
ENSG00000229409.1	0	1	0	0	0	1
ENSG00000277771.1	0	0	0	0	0	0
ENSG00000279494.1	0	0	0	1	0	0
ENSG00000100426.6	51	67	77	196	152	156
ENSG00000280567.1	0	0	0	0	0	0
ENSG00000182858.13	20	28	36	50	26	29
ENSG00000273192.1	0	0	0	0	0	0
ENSG00000184164.14	30	40	43	74	64	57
ENSG00000278869.1	0	0	0	1	4	2
ENSG00000198355.4	47	58	55	156	101	115
ENSG00000276753.1	0	0	0	0	0	0
ENSG00000188263.10	0	1	2	0	5	2
ENSG00000138892.11	0	0	0	0	0	1
ENSG00000100427.15	298	323	307	13	12	11
ENSG00000073146.15	10	8	8	0	7	1
ENSG00000280395.1	1	0	0	0	1	0
ENSG00000073150.13	59	71	73	9	7	7
ENSG00000170638.9	28	38	33	100	70	78
ENSG00000273188.1	2	7	3	4	5	5
ENSG00000273253.2	9	16	7	2	0	2
ENSG00000073169.13	51	67	32	69	34	62
ENSG00000272836.1	7	2	0	5	1	2
ENSG00000273137.1	1	2	2	3	2	3
ENSG00000128159.11	246	288	238	278	175	206
ENSG00000100429.17	2	8	7	5	7	5
ENSG00000188130.13	60	57	55	116	72	114
ENSG00000185386.14	64	98	82	25	23	29
ENSG00000196576.14	241	298	249	478	285	372
ENSG00000205593.11	59	99	64	35	19	20
ENSG00000227484.1	0	0	0	0	0	0
ENSG00000279182.1	0	0	0	0	0	0
ENSG00000100239.15	165	243	255	224	149	183
ENSG00000242463.3	0	0	1	0	0	1
ENSG00000238604.1	0	0	1	0	0	0
ENSG00000100241.20	681	836	689	530	340	422
ENSG00000128165.8	0	2	1	27	21	31
ENSG00000100253.12	0	0	0	1	1	1
ENSG00000100258.17	57	73	70	173	113	164
ENSG00000025770.18	87	94	79	227	133	179
ENSG00000130489.12	3	18	7	14	12	11
ENSG00000272821.1	4	10	7	4	1	7
ENSG00000025708.12	22	22	26	53	22	30
ENSG00000177989.13	9	11	9	11	12	11
ENSG00000272666.1	0	1	0	0	0	0
ENSG00000273272.1	0	0	0	0	0	0
ENSG00000226738.1	0	0	0	6	2	0
ENSG00000130487.5	0	0	1	3	8	1
ENSG00000217442.3	0	0	1	0	0	0
ENSG00000205560.12	2	1	2	5	4	1
ENSG00000254413.8	0	4	2	2	3	4
ENSG00000100288.19	1	4	2	3	3	4
ENSG00000205559.3	5	1	3	1	2	1
ENSG00000272940.1	0	2	4	1	2	1
ENSG00000008735.13	411	548	484	13	17	9
ENSG00000100299.17	53	55	65	63	46	53
ENSG00000212569.1	0	0	0	0	0	0
ENSG00000251322.7	363	458	374	43	25	35
ENSG00000206841.1	0	0	0	0	0	0
ENSG00000225929.1	0	2	1	0	1	0
ENSG00000100312.10	0	0	0	0	2	0
ENSG00000254499.1	0	0	0	0	0	0
ENSG00000213683.4	0	0	0	0	0	0
ENSG00000184319.15	39	58	49	31	23	33
ENSG00000079974.17	71	61	51	64	45	46
ERCC-00002	18892	23545	21054	19957	12940	16919
ERCC-00003	1447	1579	1511	1740	1097	1336
ERCC-00004	455	536	498	4586	3332	3674
ERCC-00009	318	385	354	691	475	553
ERCC-00012	0	0	0	1	0	0
ERCC-00013	0	0	0	2	2	0
ERCC-00014	13	10	4	10	2	8
ERCC-00016	0	0	0	0	0	0
ERCC-00017	0	0	0	0	0	1
ERCC-00019	3	5	2	13	11	12
ERCC-00022	149	164	162	201	99	153
ERCC-00024	0	0	0	0	0	0
ERCC-00025	79	78	60	133	97	107
ERCC-00028	2	0	0	6	8	5
ERCC-00031	0	1	4	4	0	0
ERCC-00033	0	0	0	0	0	3
ERCC-00034	8	16	12	19	7	18
ERCC-00035	47	78	57	128	65	100
ERCC-00039	1	1	3	4	3	1
ERCC-00040	0	0	0	0	0	1
ERCC-00041	0	1	1	0	0	0
ERCC-00042	329	379	338	730	530	672
ERCC-00043	852	975	922	1085	725	862
ERCC-00044	110	160	121	180	102	128
ERCC-00046	1573	1666	1576	1901	1250	1458
ERCC-00048	0	0	0	0	0	0
ERCC-00051	2	0	2	9	5	2
ERCC-00053	14	17	11	27	29	35
ERCC-00054	2	2	3	3	0	1
ERCC-00057	0	0	0	0	0	0
ERCC-00058	1	7	5	1	3	3
ERCC-00059	11	8	15	14	7	6
ERCC-00060	92	102	99	237	165	168
ERCC-00061	0	0	0	0	0	0
ERCC-00062	12	12	4	96	56	78
ERCC-00067	0	0	2	1	0	2
ERCC-00069	1	6	4	3	1	1
ERCC-00071	39	48	32	67	32	50
ERCC-00073	1	0	0	1	1	0
ERCC-00074	10455	12364	11435	15665	11570	13135
ERCC-00075	0	0	0	0	0	0
ERCC-00076	99	141	120	126	75	97
ERCC-00077	1	0	0	0	2	1
ERCC-00078	41	50	55	45	25	32
ERCC-00079	28	38	48	45	28	34
ERCC-00081	0	0	0	0	0	0
ERCC-00083	0	0	0	0	0	0
ERCC-00084	27	34	41	46	25	30
ERCC-00085	2	2	0	12	2	11
ERCC-00086	0	0	0	0	0	0
ERCC-00092	33	55	41	350	256	305
ERCC-00095	20	30	20	165	112	125
ERCC-00096	10321	12808	11266	21962	14377	18143
ERCC-00097	0	0	0	2	0	0
ERCC-00098	0	0	0	0	0	0
ERCC-00099	18	17	11	16	13	19
ERCC-00104	0	0	1	0	2	0
ERCC-00108	109	111	124	919	613	831
ERCC-00109	0	0	0	0	2	0
ERCC-00111	521	626	496	659	480	555
ERCC-00112	180	243	222	214	157	163
ERCC-00113	3528	4280	3871	4927	3328	4258
ERCC-00116	149	144	142	1023	707	1004
ERCC-00117	0	0	0	0	0	0
ERCC-00120	1	0	0	0	0	0
ERCC-00123	0	0	0	0	0	0
ERCC-00126	3	3	5	13	2	11
ERCC-00130	4033	5316	4366	34841	22367	28470
ERCC-00131	19	36	20	153	91	133
ERCC-00134	0	0	1	0	0	0
ERCC-00136	257	302	241	2220	1520	1791
ERCC-00137	0	0	0	1	2	0
ERCC-00138	1	0	0	0	1	0
ERCC-00142	0	0	0	0	1	0
ERCC-00143	0	3	1	4	5	3
ERCC-00144	1	1	4	10	5	4
ERCC-00145	485	689	558	770	487	608
ERCC-00147	0	0	0	0	0	0
ERCC-00148	1	0	5	3	1	5
ERCC-00150	0	3	1	2	4	0
ERCC-00154	1	0	1	1	7	4
ERCC-00156	0	0	0	0	0	0
ERCC-00157	11	9	15	13	12	12
ERCC-00158	0	0	2	1	1	2
ERCC-00160	8	21	14	13	9	10
ERCC-00162	28	22	27	50	37	33
ERCC-00163	5	7	13	6	4	9
ERCC-00164	0	1	0	0	0	0
ERCC-00165	33	64	41	51	28	37
ERCC-00168	2	1	1	0	1	0
ERCC-00170	1	2	3	18	14	15
ERCC-00171	916	1253	1056	1903	1336	1654
